<svg width="35" height="35" viewBox="0 0 35 35" fill="none" xmlns="http://www.w3.org/2000/svg">
<path d="M19.2264 6.97615C19.857 6.70491 20.3006 6.05949 20.3006 5.30645C20.3006 4.30878 19.5219 3.5 18.5614 3.5C17.6009 3.5 16.8222 4.30878 16.8222 5.30645C16.8222 6.07969 17.29 6.73946 17.9476 6.99717V9.92884H19.2264V6.97615Z" fill="black"/>
<path fill-rule="evenodd" clip-rule="evenodd" d="M15.0186 9.31298C14.5222 7.30164 13.1209 6.17179 11.6641 5.68883C10.2595 5.22315 8.69261 5.31428 7.58643 5.82922C5.29312 6.89679 3.88727 8.99635 4.03984 11.6135C4.05371 11.8514 4.08056 12.0807 4.1217 12.3005C2.99589 13.1696 2.24069 14.1487 1.8149 15.1968C1.29835 16.4683 1.31055 17.734 1.59815 18.8372C1.88227 19.9271 2.43688 20.8731 3.04163 21.5748C3.33483 21.915 3.67993 22.2434 4.05309 22.502C4.02504 22.8638 4.03325 23.24 4.07033 23.6093C4.15146 24.4174 4.38215 25.3126 4.80309 26.1561C5.66551 27.8844 7.34537 29.4013 10.0244 29.4013C11.3266 29.4013 12.3815 29.0417 13.1961 28.391C14.0001 27.7488 14.4761 26.8979 14.7589 26.0763C15.245 24.6641 15.2192 23.1203 15.2077 22.4329L15.2077 22.4324C15.2063 22.3481 15.2051 22.2767 15.2051 22.22V10.9187C15.2051 10.3467 15.1415 9.81095 15.0186 9.31298ZM3.93565 16.1263C4.15504 15.5862 4.56566 14.9857 5.29391 14.3801C6.06406 15.0136 7.10863 15.2718 8.12672 15.0078L7.56926 12.6881C7.10828 12.8076 6.6754 12.5744 6.50283 12.232C6.43545 12.0982 6.36058 11.8656 6.33746 11.469C6.24996 9.96791 6.99495 8.72459 8.52783 8.01102C9.06837 7.75939 10.0465 7.66225 10.9642 7.96652C11.7998 8.24353 12.4798 8.81061 12.7602 9.79844C12.751 9.86667 12.7029 9.97452 12.5153 10.0622C12.2911 10.1671 11.8167 10.2327 11.1583 9.82484L9.9792 11.8782C10.9649 12.4889 12.0001 12.6636 12.9033 12.4394V19.0979C11.7848 18.6449 10.4116 18.7386 9.05779 19.7415L10.3943 21.6881C11.226 21.072 11.8375 21.184 12.2284 21.4031C12.4541 21.5296 12.6383 21.7114 12.7607 21.8967C12.8882 22.0898 12.9025 22.2128 12.9033 22.2197C12.9033 22.22 12.9033 22.2201 12.9033 22.22C12.9033 22.306 12.9043 22.3998 12.9053 22.5002C12.9129 23.229 12.9241 24.3048 12.5914 25.2715C12.4121 25.7926 12.1533 26.2078 11.7928 26.4958C11.4428 26.7754 10.9034 27.0104 10.0244 27.0104C8.34116 27.0104 7.38021 26.125 6.84673 25.0559C6.56971 24.5008 6.41368 23.8985 6.35975 23.3613C6.30323 22.7984 6.36881 22.4184 6.42659 22.2705C6.5565 21.9379 6.53571 21.5623 6.36995 21.2475C6.20419 20.9326 5.911 20.7117 5.57136 20.6458C5.57214 20.646 5.57177 20.6459 5.57028 20.6454C5.558 20.6413 5.46974 20.612 5.31269 20.5006C5.1486 20.3842 4.95482 20.21 4.75664 19.9801C4.35711 19.5165 3.99773 18.8942 3.81997 18.2123C3.64569 17.5438 3.6481 16.8341 3.93565 16.1263Z" fill="black"/>
<path d="M17.078 12.0806H22.0141V23.1319H17.078V24.4602H23.2929V10.7524H17.078V12.0806Z" fill="black"/>
<path d="M17.078 13.0104H21.3236V22.0427H17.078V13.0104Z" fill="black"/>
<path d="M17.9987 27.1868V25.3899H19.2775V27.2499C19.8808 27.5334 20.3006 28.1641 20.3006 28.8966C20.3006 29.8943 19.5219 30.703 18.5614 30.703C17.6009 30.703 16.8222 29.8943 16.8222 28.8966C16.8222 28.1034 17.3144 27.4297 17.9987 27.1868Z" fill="black"/>
<path d="M27.0617 12.5854C27.3098 11.9023 27.945 11.4165 28.6895 11.4165C29.65 11.4165 30.4286 12.2253 30.4286 13.223C30.4286 14.2206 29.65 15.0294 28.6895 15.0294C27.9645 15.0294 27.3431 14.5686 27.0819 13.9137H24.2392V12.5854H27.0617Z" fill="black"/>
<path d="M26.1101 22.8397H24.2392V21.5114H26.0898C26.3379 20.8283 26.9731 20.3425 27.7176 20.3425C28.6781 20.3425 29.4567 21.1513 29.4567 22.149C29.4567 23.1466 28.6781 23.9554 27.7176 23.9554C26.9926 23.9554 26.3712 23.4946 26.1101 22.8397Z" fill="black"/>
<path d="M30.4947 18.4852C30.8132 18.9045 31.3068 19.1736 31.8609 19.1736C32.8214 19.1736 33.6 18.3648 33.6 17.3672C33.6 16.3695 32.8214 15.5607 31.8609 15.5607C30.9527 15.5607 30.2071 16.2838 30.1285 17.2059C28.7919 17.7829 28.0618 17.7403 27.4355 17.5874C27.2544 17.5431 27.0544 17.4778 26.8329 17.4055C26.2091 17.2016 25.4147 16.9421 24.3927 16.9421V18.2704C25.2076 18.2704 25.7132 18.437 26.2749 18.6222C26.5391 18.7093 26.8157 18.8005 27.1429 18.8804C28.0454 19.1007 29.0186 19.0997 30.4947 18.4852Z" fill="black"/>
<path d="M24.6535 7.66945C25.3618 7.44092 25.8761 6.75486 25.8761 5.94402C25.8761 4.94635 25.0975 4.13757 24.1369 4.13757C23.1764 4.13757 22.3978 4.94635 22.3978 5.94402C22.3978 6.62579 22.7614 7.21934 23.2982 7.52688C23.256 7.54987 23.1715 7.57437 22.9613 7.60946C22.9488 7.61154 22.9356 7.61369 22.9216 7.61595C22.6765 7.65569 22.215 7.7305 21.8622 8.11373C21.4871 8.52112 21.3492 9.13246 21.3492 9.92884H22.628C22.628 9.23756 22.7586 9.0619 22.7863 9.03178C22.8162 8.99933 22.859 8.97185 23.1642 8.9209C23.1756 8.919 23.1876 8.91704 23.2002 8.91499C23.4479 8.87459 23.9122 8.79885 24.2667 8.40802C24.447 8.20915 24.5723 7.96238 24.6535 7.66945Z" fill="black"/>
<path d="M24.0285 27.4381C24.0576 27.4601 24.1774 27.5573 24.207 27.9955C23.5395 28.2479 23.0628 28.9129 23.0628 29.6935C23.0628 30.6912 23.8414 31.5 24.8019 31.5C25.7624 31.5 26.5411 30.6912 26.5411 29.6935C26.5411 28.9495 26.108 28.3105 25.4893 28.0337C25.4617 27.2946 25.2505 26.72 24.7824 26.3652C24.3403 26.03 23.7923 26.0066 23.462 25.9925L23.4472 25.9919C23.4191 25.9907 23.3922 25.9896 23.3662 25.9885C23.2107 25.9821 23.09 25.9771 22.9761 25.962C22.8472 25.9448 22.7817 25.9203 22.7484 25.9009C22.7288 25.8895 22.7118 25.8769 22.6914 25.8312C22.6649 25.772 22.628 25.6426 22.628 25.3899H21.3492C21.3492 26.151 21.5782 26.7429 22.1239 27.0601C22.3592 27.1968 22.6069 27.252 22.8138 27.2795C22.9885 27.3027 23.1731 27.3101 23.3245 27.3162C23.3487 27.3171 23.3721 27.3181 23.3944 27.319C23.782 27.3356 23.9403 27.3711 24.0285 27.4381Z" fill="black"/>
</svg>
