<svg width="80" height="80" viewBox="0 0 80 80" fill="none" xmlns="http://www.w3.org/2000/svg">
<path d="M43.9452 15.9455C45.3865 15.3255 46.4004 13.8503 46.4004 12.129C46.4004 9.84863 44.6207 8 42.4252 8C40.2298 8 38.45 9.84863 38.45 12.129C38.45 13.8964 39.5191 15.4045 41.0222 15.9935V22.6945H43.9452V15.9455Z" fill="#000129"/>
<path fill-rule="evenodd" clip-rule="evenodd" d="M34.3274 21.2868C33.1928 16.6895 29.9899 14.1069 26.66 13.003C23.4494 11.9386 19.868 12.1469 17.3396 13.3239C12.0977 15.7641 8.88436 20.5631 9.23309 26.5452C9.26479 27.089 9.32617 27.6129 9.42019 28.1155C6.84692 30.1019 5.12074 32.3398 4.1475 34.7355C2.96682 37.6418 2.99471 40.5348 3.65208 43.0565C4.3015 45.5477 5.56916 47.71 6.95146 49.3138C7.62163 50.0914 8.41044 50.842 9.26337 51.4331C9.19926 52.2601 9.21803 53.1199 9.30278 53.9641C9.48822 55.8112 10.0155 57.8573 10.9777 59.7855C12.9489 63.7358 16.7886 67.203 22.9121 67.203C25.8885 67.203 28.2998 66.3811 30.1616 64.8938C31.9993 63.4257 33.0875 61.481 33.7339 59.6029C34.8448 56.375 34.786 52.8465 34.7597 51.2753L34.7597 51.274C34.7565 51.0814 34.7538 50.9182 34.7538 50.7886V24.9571C34.7538 23.6497 34.6083 22.425 34.3274 21.2868ZM8.99494 36.8601C9.49641 35.6257 10.435 34.2529 12.0995 32.8688C13.8599 34.3168 16.2475 34.9069 18.5745 34.3036L17.3003 29.0014C16.2467 29.2745 15.2572 28.7416 14.8628 27.9588C14.7088 27.6531 14.5376 27.1214 14.4848 26.2149C14.2848 22.7838 15.9876 19.9419 19.4913 18.3109C20.7269 17.7357 22.9625 17.5137 25.0603 18.2092C26.9702 18.8424 28.5245 20.1385 29.1653 22.3964C29.1443 22.5524 29.0343 22.7989 28.6057 22.9994C28.0931 23.2391 27.0088 23.3891 25.504 22.4568L22.8088 27.1502C25.0619 28.5461 27.428 28.9453 29.4925 28.4328V43.6523C26.9359 42.6168 23.7972 42.8311 20.7027 45.1234L23.7576 49.5727C25.6586 48.1645 27.0563 48.4205 27.9499 48.9213C28.4658 49.2105 28.8867 49.6261 29.1664 50.0497C29.4579 50.4911 29.4905 50.7722 29.4924 50.788C29.4924 50.7885 29.4925 50.7887 29.4925 50.7886C29.4925 50.9852 29.4947 51.1996 29.4971 51.429C29.5144 53.0947 29.54 55.5539 28.7796 57.7633C28.3696 58.9546 27.7782 59.9036 26.9541 60.5619C26.154 61.201 24.9213 61.7381 22.9121 61.7381C19.0647 61.7381 16.8682 59.7143 15.6488 57.2707C15.0157 56.0018 14.659 54.6252 14.5357 53.3973C14.4065 52.1106 14.5564 51.242 14.6885 50.9039C14.9855 50.1438 14.9379 49.2853 14.559 48.5656C14.1802 47.8459 13.51 47.341 12.7337 47.1905C12.7355 47.1908 12.7346 47.1905 12.7312 47.1894C12.7032 47.1801 12.5014 47.1131 12.1425 46.8585C11.7674 46.5924 11.3245 46.1944 10.8715 45.6688C9.95828 44.6092 9.13684 43.1868 8.73053 41.6282C8.33216 40.1 8.33768 38.478 8.99494 36.8601Z" fill="#000129"/>
<path d="M39.0346 27.6129H50.3172V52.8729H39.0346V55.9089H53.2402V24.5768H39.0346V27.6129Z" fill="#000129"/>
<path d="M39.0346 29.7381H48.7388V50.3833H39.0346V29.7381Z" fill="#000129"/>
<path d="M41.1391 62.1412V58.0342H44.0621V62.2855C45.441 62.9335 46.4004 64.375 46.4004 66.0493C46.4004 68.3297 44.6207 70.1784 42.4252 70.1784C40.2298 70.1784 38.45 68.3297 38.45 66.0493C38.45 64.2364 39.5748 62.6964 41.1391 62.1412Z" fill="#000129"/>
<path d="M61.8545 28.7666C62.4216 27.2053 63.8735 26.0949 65.5751 26.0949C67.7705 26.0949 69.5503 27.9435 69.5503 30.2239C69.5503 32.5043 67.7705 34.3529 65.5751 34.3529C63.9179 34.3529 62.4977 33.2998 61.9008 31.8027H55.4032V28.7666H61.8545Z" fill="#000129"/>
<path d="M59.6793 52.2049H55.4032V49.1689H59.6331C60.2002 47.6076 61.652 46.4972 63.3536 46.4972C65.5491 46.4972 67.3288 48.3458 67.3288 50.6262C67.3288 52.9066 65.5491 54.7552 63.3536 54.7552C61.6965 54.7552 60.2762 53.702 59.6793 52.2049Z" fill="#000129"/>
<path d="M69.7014 42.2519C70.4294 43.2102 71.5575 43.8254 72.824 43.8254C75.0195 43.8254 76.7992 41.9768 76.7992 39.6964C76.7992 37.416 75.0195 35.5674 72.824 35.5674C70.7481 35.5674 69.0439 37.2201 68.8644 39.3278C65.8092 40.6467 64.1404 40.5492 62.7089 40.1997C62.295 40.0986 61.8379 39.9493 61.3316 39.7839C59.9057 39.318 58.0899 38.7249 55.7539 38.7249V41.7609C57.6167 41.7609 58.7721 42.1418 60.056 42.565C60.6599 42.7641 61.2923 42.9726 62.04 43.1552C64.1028 43.6589 66.3274 43.6564 69.7014 42.2519Z" fill="#000129"/>
<path d="M56.3501 17.5302C57.969 17.0078 59.1445 15.4397 59.1445 13.5863C59.1445 11.3059 57.3648 9.45731 55.1693 9.45731C52.9739 9.45731 51.1941 11.3059 51.1941 13.5863C51.1941 15.1447 52.0252 16.5013 53.2521 17.2043C53.1557 17.2568 52.9625 17.3129 52.4821 17.393C52.4536 17.3978 52.4233 17.4027 52.3914 17.4079C51.8312 17.4987 50.7763 17.6697 49.9698 18.5457C49.1125 19.4768 48.7973 20.8742 48.7973 22.6945H51.7202C51.7202 21.1144 52.0189 20.7129 52.0822 20.6441C52.1505 20.5699 52.2484 20.5071 52.9459 20.3906C52.972 20.3863 52.9995 20.3818 53.0282 20.3771C53.5943 20.2848 54.6556 20.1117 55.4658 19.2183C55.8781 18.7638 56.1645 18.1997 56.3501 17.5302Z" fill="#000129"/>
<path d="M54.9216 62.7156C54.988 62.766 55.2619 62.988 55.3295 63.9898C53.8037 64.5667 52.714 66.0866 52.714 67.871C52.714 70.1514 54.4938 72 56.6893 72C58.8847 72 60.6645 70.1514 60.6645 67.871C60.6645 66.1702 59.6745 64.7096 58.2605 64.077C58.1974 62.3876 57.7147 61.0744 56.6447 60.2632C55.6341 59.4971 54.3816 59.4437 53.6266 59.4114L53.5928 59.41C53.5286 59.4072 53.467 59.4047 53.4075 59.4022C53.0522 59.3876 52.7763 59.3763 52.5159 59.3416C52.2213 59.3025 52.0715 59.2463 51.9955 59.2021C51.9507 59.1761 51.9119 59.1472 51.8652 59.0428C51.8046 58.9075 51.7202 58.6115 51.7202 58.0342H48.7973C48.7973 59.7737 49.3208 61.1266 50.5681 61.8516C51.1059 62.1641 51.6722 62.2903 52.1449 62.3532C52.5444 62.4062 52.9662 62.4231 53.3124 62.4369C53.3677 62.4391 53.4211 62.4413 53.4721 62.4435C54.358 62.4815 54.7197 62.5626 54.9216 62.7156Z" fill="#000129"/>
</svg>
